20
4.0000 4.6130 4.8630 4.5950 3.8750 2.9650 2.1990 1.8390 1.9530 2.3890 2.8560 3.0640 2.8650 2.3250 1.6970 1.3000 1.3670 1.9360 2.8230 3.7070 
4.4480 5.0010 5.1970 4.8830 4.1300 3.1990 2.4300 2.0810 2.2200 2.6950 3.2120 3.4780 3.3400 2.8620 2.2920 1.9460 2.0540 2.6500 3.5510 4.4330 
4.7190 5.2170 5.3670 5.0200 4.2470 3.3120 2.5540 2.2310 2.4090 2.9340 3.5080 3.8360 3.7600 3.3400 2.8210 2.5160 2.6510 3.2610 4.1590 5.0230 
4.7290 5.1820 5.2980 4.9310 4.1540 3.2310 2.4980 2.2140 2.4420 3.0240 3.6600 4.0490 4.0320 3.6630 3.1850 2.9070 3.0560 3.6630 4.5430 5.3760 
4.4500 4.8690 4.9650 4.5940 3.8280 2.9300 2.2370 2.0030 2.2880 2.9320 3.6300 4.0770 4.1100 3.7820 3.3320 3.0670 3.2140 3.8030 4.6520 5.4400 
3.9140 4.3130 4.4060 4.0460 3.3050 2.4470 1.8030 1.6260 1.9730 2.6790 3.4350 3.9330 4.0070 3.7070 3.2700 3.0020 3.1310 3.6890 4.4930 5.2280 
3.2120 3.6070 3.7100 3.3760 2.6750 1.8660 1.2800 1.1650 1.5730 2.3370 3.1440 3.6830 3.7850 3.4980 3.0580 2.7740 2.8710 3.3840 4.1350 4.8100 
2.4710 2.8770 3.0060 2.7110 2.0600 1.3080 0.7840 0.7300 1.1970 2.0120 2.8600 3.4270 3.5410 3.2520 2.7950 2.4780 2.5310 2.9910 3.6820 4.2950 
1.8270 2.2590 2.4280 2.1820 1.5880 0.8980 0.4350 0.4400 0.9580 1.8140 2.6890 3.2690 3.3810 3.0740 2.5850 2.2250 2.2240 2.6250 3.2530 3.8060 
1.3940 1.8660 2.0840 1.8960 1.3630 0.7350 0.3300 0.3860 0.9450 1.8280 2.7170 3.2940 3.3890 3.0500 2.5170 2.1030 2.0430 2.3810 2.9490 3.4460 
1.2400 1.7610 2.0370 1.9100 1.4400 0.8700 0.5160 0.6130 1.1990 2.0950 2.9820 3.5410 3.6040 3.2210 2.6350 2.1610 2.0380 2.3160 2.8290 3.2790 
1.3700 1.9490 2.2860 2.2210 1.8090 1.2900 0.9770 1.1010 1.7010 2.5950 3.4640 3.9910 4.0100 3.5740 2.9270 2.3910 2.2080 2.4300 2.8960 3.3110 
1.7310 2.3710 2.7277 2.5940 2.2530 1.7890 1.5095 1.6460 2.2345 3.0950 3.9095 4.3665 4.3748 4.0390 3.3310 2.7340 2.4950 2.6700 3.1010 3.4940 
1.9710 2.5493 3.7277 3.5940 3.2530 2.7890 2.5095 2.6460 3.2345 4.0950 4.9095 5.3665 5.3748 4.1172 3.7420 3.0890 2.8040 2.9440 3.3530 3.7390 
2.9710 3.5493 3.9890 4.0740 3.7810 3.3440 3.0690 3.1870 3.7340 4.5350 5.2740 5.6450 5.4880 5.1172 4.0440 3.3450 3.0240 3.1430 3.5450 3.9410 
3.1170 3.9290 4.4770 4.5900 4.3110 3.8710 3.5790 3.6640 4.1680 4.9150 5.5940 5.9030 5.6860 5.0750 4.0750 3.4050 3.0630 3.1740 3.5860 4.0060 
3.3360 4.1870 4.7640 4.8900 4.6080 4.1510 3.8260 3.8680 4.3180 5.0060 5.6230 5.8710 5.5980 4.9230 3.9230 3.2130 2.8650 2.9850 3.4210 3.8780 
3.3520 4.2320 4.8220 4.9450 4.6460 4.1560 3.7880 3.7760 4.1670 4.7920 5.3480 5.5410 5.2210 4.5000 3.5000 2.7730 2.4340 2.5780 3.0510 3.5570 
3.2010 4.0940 4.6810 4.7870 4.4560 3.9230 3.5010 3.4290 3.7570 4.3220 4.8230 4.9680 4.6130 3.9693 2.9693 2.2950 1.9980 2.2045 2.7545 3.3470 
2.9620 3.8530 4.4220 4.4970 4.1210 3.5340 3.0530 2.9190 3.1870 3.6960 4.1500 4.2600 3.8830 3.0980 1.9693 1.2950 0.9980 1.2045 1.7545 2.3470 
