20
2.317 2.366 2.421 2.478 2.530 2.568 2.585 2.576 2.544 2.499 2.448 2.399 2.354 2.315 2.282 2.253 2.228 2.207 2.188 2.172
2.367 2.436 2.517 2.607 2.696 2.766 2.795 2.775 2.714 2.634 2.551 2.476 2.413 2.360 2.317 2.282 2.252 2.227 2.206 2.187
2.422 2.518 2.640 2.788 2.949 3.085 3.143 3.096 2.971 2.821 2.682 2.568 2.479 2.410 2.357 2.314 2.279 2.249 2.224 2.203
2.480 2.609 2.789 3.033 3.338 3.633 3.769 3.648 3.366 3.075 2.842 2.673 2.552 2.464 2.398 2.348 2.307 2.273 2.244 2.220
2.533 2.700 2.951 3.339 3.916 4.606 4.973 4.625 3.952 3.393 3.020 2.781 2.625 2.518 2.442 2.384 2.337 2.299 2.267 2.239
2.574 2.771 3.089 3.637 4.609 6.120 7.132 6.144 4.656 3.707 3.179 2.877 2.692 2.572 2.486 2.422 2.371 2.328 2.291 2.259
2.592 2.802 3.150 3.775 4.978 7.135 8.817 7.167 5.041 3.867 3.268 2.942 2.748 2.623 2.534 2.465 2.409 2.361 2.320 2.283
2.585 2.784 3.106 3.658 4.635 6.153 7.172 6.194 4.717 3.779 3.263 2.971 2.794 2.676 2.588 2.517 2.455 2.401 2.353 2.310
2.556 2.727 2.985 3.382 3.969 4.672 5.055 4.727 4.078 3.544 3.197 2.982 2.842 2.742 2.659 2.584 2.515 2.450 2.392 2.341
2.513 2.650 2.839 3.096 3.417 3.733 3.894 3.805 3.563 3.316 3.131 3.006 2.917 2.841 2.763 2.680 2.595 2.514 2.441 2.377
2.465 2.571 2.706 2.871 3.053 3.217 3.312 3.313 3.247 3.169 3.112 3.080 3.053 3.008 2.931 2.825 2.709 2.597 2.500 2.419
2.419 2.500 2.597 2.709 2.825 2.931 3.008 3.053 3.080 3.112 3.169 3.247 3.313 3.312 3.217 3.053 2.871 2.706 2.571 2.465
2.377 2.441 2.514 2.595 2.680 2.763 2.841 2.917 3.006 3.131 3.316 3.563 3.805 3.894 3.733 3.417 3.096 2.839 2.650 2.513
2.341 2.392 2.450 2.515 2.584 2.659 2.742 2.842 2.982 3.197 3.544 4.078 4.727 5.055 4.672 3.969 3.382 2.985 2.727 2.556
2.310 2.353 2.401 2.455 2.517 2.588 2.676 2.794 2.971 3.263 3.779 4.717 6.194 7.172 6.153 4.635 3.658 3.106 2.784 2.585
2.283 2.320 2.361 2.409 2.465 2.534 2.623 2.748 2.942 3.268 3.867 5.041 7.167 8.817 7.135 4.978 3.775 3.150 2.802 2.592
2.259 2.291 2.328 2.371 2.422 2.486 2.572 2.692 2.877 3.179 3.707 4.656 6.144 7.132 6.120 4.609 3.637 3.089 2.771 2.574
2.239 2.267 2.299 2.337 2.384 2.442 2.518 2.625 2.781 3.020 3.393 3.952 4.625 4.973 4.606 3.916 3.339 2.951 2.700 2.533
2.220 2.244 2.273 2.307 2.348 2.398 2.464 2.552 2.673 2.842 3.075 3.366 3.648 3.769 3.633 3.338 3.033 2.789 2.609 2.480
2.203 2.224 2.249 2.279 2.314 2.357 2.410 2.479 2.568 2.682 2.821 2.971 3.096 3.143 3.085 2.949 2.788 2.640 2.518 2.422