20
2.3170 2.3660 2.4210 2.4780 2.5300 2.5680 2.5850 2.5760 2.5440 2.4990 2.4480 2.3990 2.3540 2.3150 2.2820 2.2530 2.2280 2.2070 2.1880 2.1720 
2.3670 2.4360 2.5170 2.6070 2.6960 2.7660 2.7950 2.7750 2.7140 2.6340 2.5510 2.4760 2.4130 2.3600 2.3170 2.2820 2.2520 2.2270 2.2060 2.1870 
2.4220 2.5180 2.6400 2.7880 2.9490 3.0850 3.1430 3.0960 2.9710 2.8210 2.6820 2.5680 2.4790 2.4100 2.3570 2.3140 2.2790 2.2490 2.2240 2.2030 
2.4800 2.6090 2.7890 3.0330 3.3380 3.6330 3.7690 3.6480 3.3660 3.0750 2.8420 2.6730 2.5520 2.4640 2.3980 2.3480 2.3070 2.2730 2.2440 2.2200 
2.5330 2.7000 2.9510 3.3390 3.9160 4.6060 4.9730 4.6250 3.9520 3.3930 3.0200 2.7810 2.6250 2.5180 2.4420 2.3840 2.3370 2.2990 2.2670 2.2390 
2.5740 2.7710 3.0890 3.6370 4.6090 6.1200 7.1320 6.1440 4.6560 3.7070 3.1790 2.8770 2.6920 2.5720 2.4860 2.4220 2.3710 2.3280 2.2910 2.2590 
2.5920 2.8020 3.1500 3.7750 4.9780 7.1350 8.8170 7.1670 5.0410 3.8670 3.2680 2.9420 2.7480 2.6230 2.5340 2.4650 2.4090 2.3610 2.3200 2.2830 
3.0705 3.2555 3.5455 4.0200 4.7587 6.1530 7.1720 6.1940 4.7170 3.7790 3.2630 2.9710 2.7940 2.6760 2.5880 2.5170 2.4550 2.4010 2.3530 2.3100 
2.0705 2.2555 2.5455 3.0200 3.7587 4.7587 5.0550 4.7660 4.0780 3.5440 3.1970 2.9820 2.8420 2.7420 2.6590 2.5840 2.5150 2.4500 2.3920 2.3410 
2.5130 2.6500 2.8390 3.0960 3.4170 3.7330 3.8940 3.7660 2.9505 3.9505 3.1310 3.0060 2.9170 2.8410 2.7630 2.6800 2.5950 2.5140 2.4410 2.3770 
2.4650 2.5710 2.7060 2.8710 3.0530 3.2170 3.3120 3.3130 3.2470 2.8100 3.8100 3.0800 3.0530 3.0080 2.9310 2.8250 2.7090 2.5970 2.5000 2.4190 
2.4190 2.5000 2.5970 2.7090 2.8250 2.9310 3.0080 3.0530 3.0800 3.1120 2.8079 3.8734 3.3130 3.3120 3.2170 3.0530 2.8710 2.7060 2.5710 2.4650 
2.3770 2.4410 2.5140 2.5950 2.6800 2.7630 2.8410 2.9170 3.0060 3.1310 3.3160 2.8708 3.8708 3.8940 3.7330 3.4170 3.0960 2.8390 2.6500 2.5130 
2.3410 2.3920 2.4500 2.5150 2.5840 2.6590 2.7420 2.8420 2.9820 3.1970 3.5440 3.9025 4.9025 5.0550 4.6720 3.9690 3.3820 2.9850 2.7270 2.5560 
2.3100 2.3530 2.4010 2.4550 2.5170 2.5880 2.6760 2.7940 2.9710 3.2630 3.7790 4.7170 6.1940 7.1720 6.1530 4.6350 3.6580 3.1060 2.7840 2.5850 
2.2830 2.3200 2.3610 2.4090 2.4650 2.5340 2.6230 2.7480 2.9420 3.2680 3.8670 5.0410 7.1670 8.8170 7.1350 4.9780 3.7750 3.1500 2.8020 2.5920 
2.2590 2.2910 2.3280 2.3710 2.4220 2.4860 2.5720 2.6920 2.8770 3.1790 3.7070 4.6560 6.1440 7.1320 6.1200 4.7625 3.9880 3.5200 3.2355 3.0535 
2.2390 2.2670 2.2990 2.3370 2.3840 2.4420 2.5180 2.6250 2.7810 3.0200 3.3930 3.9520 4.6250 4.9730 4.6060 3.7625 2.9880 2.5200 2.2355 2.0535 
2.2200 2.2440 2.2730 2.3070 2.3480 2.3980 2.4640 2.5520 2.6730 2.8420 3.0750 3.3660 3.6480 3.7690 3.6330 3.3380 3.0330 2.7890 2.6090 2.4800 
2.2030 2.2240 2.2490 2.2790 2.3140 2.3570 2.4100 2.4790 2.5680 2.6820 2.8210 2.9710 3.0960 3.1430 3.0850 2.9490 2.7880 2.6400 2.5180 2.4220 
