15
3.731 3.410 3.208 3.333 3.968 3.006 3.964 3.940 3.947 3.937 3.397 3.348 3.294 3.506 3.116
3.771 3.660 3.157 3.378 3.140 3.695 3.805 3.005 3.523 3.744 3.142 3.482 3.545 3.577 3.205
3.623 3.185 3.011 3.161 3.178 3.540 3.974 3.245 3.395 3.218 3.432 3.233 3.890 3.038 3.592
3.655 3.120 3.652 3.984 3.207 3.375 3.463 3.334 3.443 3.504 3.999 3.630 3.910 3.508 3.491
3.429 3.308 3.717 3.962 3.209 3.173 3.549 3.555 3.588 3.789 3.699 3.205 3.255 3.778 3.225
3.983 3.804 3.836 3.163 3.637 3.009 3.631 3.208 3.880 3.707 3.723 3.509 3.987 3.153 3.711
3.824 3.124 3.617 3.482 3.100 3.617 3.028 3.591 3.073 3.074 3.680 3.280 3.604 3.850 3.354
3.599 3.292 3.876 3.744 3.423 3.376 3.271 3.730 3.887 3.044 3.458 3.862 3.902 3.062 3.764
3.428 3.999 3.062 3.586 3.567 3.662 3.907 3.246 3.248 3.707 3.338 3.607 3.315 3.024 3.451
3.369 3.464 3.177 3.676 3.716 3.743 3.929 3.590 3.644 3.110 3.775 3.306 3.881 3.630 3.929
3.197 3.755 3.158 3.042 3.379 3.787 3.713 3.110 3.762 3.030 3.317 3.667 3.426 3.401 3.744
3.365 3.764 3.323 3.513 3.479 3.131 3.032 3.444 3.692 3.719 3.778 3.288 3.781 3.966 3.997
3.239 3.445 3.130 3.234 3.656 3.572 3.556 3.250 3.920 3.724 3.777 3.242 3.176 3.445 3.830
3.602 3.638 3.303 3.065 3.938 3.266 3.229 3.304 3.372 3.857 3.807 3.389 3.265 3.032 3.670
3.074 3.609 3.179 3.030 3.708 3.278 3.116 3.691 3.349 3.228 3.168 3.595 3.810 3.515 3.349