15
3.7310 3.4100 3.2080 3.3330 3.9680 3.0060 3.9640 3.9400 3.9470 3.9370 3.3970 3.3480 3.2940 3.5060 3.1160 
3.7710 3.6600 3.1570 3.3780 3.1400 3.6950 3.8050 3.0050 3.5230 3.7440 3.1420 3.4820 3.5450 3.5770 3.2050 
3.6230 3.1850 3.0110 3.1610 3.1780 3.5400 3.9740 3.2450 3.3950 3.2180 3.4320 3.2330 3.8900 3.0380 3.5920 
3.6550 3.1200 3.6520 3.9840 3.2070 3.3750 3.4630 3.3340 3.4430 3.5040 3.9990 3.6300 3.9100 3.5080 3.4910 
3.2060 3.0560 3.2765 3.9622 3.2090 3.1730 3.5490 3.5550 3.5880 3.7890 3.6990 3.2050 3.2550 3.7780 3.2250 
4.2060 4.0560 4.2765 2.9622 3.9688 2.8130 3.8295 2.9529 3.8800 3.7070 3.7230 3.5090 3.9870 3.1530 3.7110 
3.8240 3.1240 3.6170 3.4820 2.9688 3.8130 2.8295 3.9529 2.9529 3.0740 3.6800 3.2800 3.6040 3.9489 3.0590 
3.5990 3.2920 3.8760 3.7440 3.4230 3.3760 3.2710 3.7300 3.9529 2.9529 3.4580 3.8620 4.0361 2.9489 4.0590 
3.4280 3.9990 3.0620 3.5860 3.5670 3.6620 3.9070 3.2460 3.2480 3.9529 2.9529 4.0361 3.0361 3.0240 3.4510 
3.3690 3.4640 3.1770 3.6760 3.7160 3.7430 3.9290 3.5900 3.6440 3.1100 3.9529 3.0361 3.8810 3.6300 3.9290 
3.1970 3.7550 3.1580 3.0420 3.3790 3.7870 3.7130 3.1100 3.7620 3.0300 3.3170 3.6670 3.4260 3.4010 3.7440 
3.3650 3.7640 3.3230 3.5130 3.4790 3.1310 3.0320 3.4440 3.6920 3.7190 3.7780 3.2880 3.7810 3.9660 3.9970 
3.2390 3.4450 3.1300 3.2340 3.6560 3.5720 3.5560 3.2500 3.9200 3.7240 3.7770 3.2420 3.1760 3.4450 3.8300 
3.6020 3.6380 3.3030 3.0650 3.9380 3.2660 3.2290 3.3040 3.3720 3.8570 3.8070 3.3890 3.2650 3.0320 3.6700 
3.0740 3.6090 3.1790 3.0300 3.7080 3.2780 3.1160 3.6910 3.3490 3.2280 3.1680 3.5950 3.8100 3.5150 3.3490 
