10
3.0420 2.0000 3.0420 3.0420 3.0420 2.0000 3.0420 3.0420 3.0420 2.0000 
3.0650 2.0000 3.0650 3.0650 3.0650 2.0000 3.0650 3.0650 3.0650 2.0000 
3.1100 2.0000 3.1100 3.1100 3.1100 2.0000 3.1100 3.1100 3.1100 2.0000 
3.2200 2.0000 3.2200 3.2200 3.2200 2.0000 3.2200 3.2200 3.2200 2.5000 
3.5500 2.0000 3.3250 3.3250 3.4362 2.0000 3.4916 3.3250 3.3250 1.5000 
4.3250 2.0000 4.3250 4.3250 4.4362 1.2222 4.4916 4.3250 4.3250 2.0000 
3.3250 1.5000 3.5500 3.5500 3.5500 2.2222 3.5500 3.5500 3.5500 2.0000 
3.2200 2.5000 3.2200 3.2200 3.2200 2.0000 3.2200 3.2200 3.2200 2.0000 
3.1100 2.0000 3.1100 3.1100 3.1100 2.0000 3.1100 3.1100 3.1100 2.0000 
3.0650 2.0000 3.0650 3.0650 3.0650 2.0000 3.0650 3.0650 3.0650 2.0000 
