20
4.000 4.613 4.863 4.595 3.875 2.965 2.199 1.839 1.953 2.389 2.856 3.064 2.865 2.325 1.697 1.300 1.367 1.936 2.823 3.707
4.448 5.001 5.197 4.883 4.130 3.199 2.430 2.081 2.220 2.695 3.212 3.478 3.340 2.862 2.292 1.946 2.054 2.650 3.551 4.433
4.719 5.217 5.367 5.020 4.247 3.312 2.554 2.231 2.409 2.934 3.508 3.836 3.760 3.340 2.821 2.516 2.651 3.261 4.159 5.023
4.729 5.182 5.298 4.931 4.154 3.231 2.498 2.214 2.442 3.024 3.660 4.049 4.032 3.663 3.185 2.907 3.056 3.663 4.543 5.376
4.450 4.869 4.965 4.594 3.828 2.930 2.237 2.003 2.288 2.932 3.630 4.077 4.110 3.782 3.332 3.067 3.214 3.803 4.652 5.440
3.914 4.313 4.406 4.046 3.305 2.447 1.803 1.626 1.973 2.679 3.435 3.933 4.007 3.707 3.270 3.002 3.131 3.689 4.493 5.228
3.212 3.607 3.710 3.376 2.675 1.866 1.280 1.165 1.573 2.337 3.144 3.683 3.785 3.498 3.058 2.774 2.871 3.384 4.135 4.810
2.471 2.877 3.006 2.711 2.060 1.308 0.784 0.730 1.197 2.012 2.860 3.427 3.541 3.252 2.795 2.478 2.531 2.991 3.682 4.295
1.827 2.259 2.428 2.182 1.588 0.898 0.435 0.440 0.958 1.814 2.689 3.269 3.381 3.074 2.585 2.225 2.224 2.625 3.253 3.806
1.394 1.866 2.084 1.896 1.363 0.735 0.330 0.386 0.945 1.828 2.717 3.294 3.389 3.050 2.517 2.103 2.043 2.381 2.949 3.446
1.240 1.761 2.037 1.910 1.440 0.870 0.516 0.613 1.199 2.095 2.982 3.541 3.604 3.221 2.635 2.161 2.038 2.316 2.829 3.279
1.370 1.949 2.286 2.221 1.809 1.290 0.977 1.101 1.701 2.595 3.464 3.991 4.010 3.574 2.927 2.391 2.208 2.430 2.896 3.311
1.731 2.371 2.770 2.763 2.402 1.924 1.638 1.776 2.373 3.249 4.086 4.570 4.535 4.039 3.331 2.734 2.495 2.670 3.101 3.494
2.221 2.923 3.380 3.425 3.104 2.654 2.381 2.516 3.096 3.941 4.733 5.163 5.069 4.511 3.742 3.089 2.804 2.944 3.353 3.739
2.721 3.481 3.989 4.074 3.781 3.344 3.069 3.187 3.734 4.535 5.274 5.645 5.488 4.869 4.044 3.345 3.024 3.143 3.545 3.941
3.117 3.929 4.477 4.590 4.311 3.871 3.579 3.664 4.168 4.915 5.594 5.903 5.686 5.011 4.139 3.405 3.063 3.174 3.586 4.006
3.336 4.187 4.764 4.890 4.608 4.151 3.826 3.868 4.318 5.006 5.623 5.871 5.598 4.876 3.970 3.213 2.865 2.985 3.421 3.878
3.352 4.232 4.822 4.945 4.646 4.156 3.788 3.776 4.167 4.792 5.348 5.541 5.221 4.464 3.536 2.773 2.434 2.578 3.051 3.557
3.201 4.094 4.681 4.787 4.456 3.923 3.501 3.429 3.757 4.322 4.823 4.968 4.613 3.835 2.900 2.147 1.831 2.013 2.535 3.097
2.962 3.853 4.422 4.497 4.121 3.534 3.053 2.919 3.187 3.696 4.150 4.260 3.883 3.098 2.173 1.443 1.165 1.396 1.974 2.597