12
2.0000 2.0000 2.0000 2.0000 2.0000 2.0000 2.0000 2.0000 2.0000 2.0000 1.7662 2.0000 
2.0000 2.0000 2.0000 2.0000 2.0000 2.0000 2.0000 2.0000 2.0000 1.5891 2.7662 1.2892 
2.0000 2.0000 2.0000 2.0000 2.0000 2.0000 2.0000 2.0000 1.4969 2.5891 2.0000 2.2892 
2.0000 2.0000 2.0000 2.0000 2.0000 2.0000 2.0000 1.4969 2.4969 2.0000 2.0000 2.0000 
2.0000 2.0000 2.0000 2.0000 2.0000 2.0000 1.4969 2.4969 2.0000 2.0000 2.0000 2.0000 
2.0000 2.0000 2.0000 2.0000 2.0000 1.4969 2.4969 2.0000 2.0000 2.0000 2.0000 2.0000 
2.0000 2.0000 2.0000 2.0000 1.4969 2.4969 2.0000 2.0000 2.0000 2.0000 2.0000 2.0000 
2.0000 2.0000 2.0000 1.4969 2.4969 2.0000 2.0000 2.0000 2.0000 2.0000 2.0000 2.0000 
2.0000 2.0000 1.4969 2.4969 2.0000 2.0000 2.0000 2.0000 2.0000 2.0000 2.0000 2.0000 
2.0000 1.4969 2.4969 2.0000 2.0000 2.0000 2.0000 2.0000 2.0000 2.0000 2.0000 2.0000 
1.3800 2.4969 2.0000 2.0000 2.0000 2.0000 2.0000 2.0000 2.0000 2.0000 2.0000 2.0000 
2.3800 2.0000 2.0000 2.0000 2.0000 2.0000 2.0000 2.0000 2.0000 2.0000 2.0000 2.0000 
