10
3.042 2.000 3.042 3.042 3.042 2.000 3.042 3.042 3.042 2.000
3.065 2.000 3.065 3.065 3.065 2.000 3.065 3.065 3.065 2.000
3.110 2.000 3.110 3.110 3.110 2.000 3.110 3.110 3.110 2.000
3.220 2.000 3.220 3.220 3.220 2.000 3.220 3.220 3.220 2.000
3.550 2.000 3.550 3.550 3.550 2.000 3.550 3.550 3.550 2.000
4.100 2.000 4.100 4.100 4.100 2.000 4.100 4.100 4.100 2.000
3.550 2.000 3.550 3.550 3.550 2.000 3.550 3.550 3.550 2.000
3.220 2.000 3.220 3.220 3.220 2.000 3.220 3.220 3.220 2.000
3.110 2.000 3.110 3.110 3.110 2.000 3.110 3.110 3.110 2.000
3.065 2.000 3.065 3.065 3.065 2.000 3.065 3.065 3.065 2.000