dreiecke1.txt:
9
(0.0, 200.0) (0.0, 0.0) (120.0, 0.0)
(41.73913043, 130.43478261) (50.0, 180.0) (82.75862069, 62.06896552)
(120.0, 0.0) (82.75862069, 62.06896552) (100.0, 0.0)
(55.10204082, 108.16326531) (65.38461538, 124.61538462) (82.75862069, 62.06896552)
(55.10204082, 108.16326531) (0.0, 200.0) (0.0, 20.0)
(20.0, 0.0) (50.0, 180.0) (100.0, 0.0)
(55.10204082, 108.16326531) (31.81818182, 70.90909091) (41.73913043, 130.43478261)
(31.81818182, 70.90909091) (65.38461538, 124.61538462) (50.0, 180.0)
(120.0, 0.0) (41.73913043, 130.43478261) (20.0, 0.0)
dreiecke2.txt:
0
dreiecke3.txt:
7
(110.0, 60.0) (100.0, 50.0) (90.54054054, 62.16216216)
(88.18181818, 38.18181818) (110.0, 60.0) (65.91836735, 64.89795918)
(110.0, 60.0) (30.0, 180.0) (130.0, 80.0)
(30.0, 180.0) (80.0, 130.0) (21.66666667, 130.0)
(30.0, 180.0) (63.33333333, 130.0) (21.66666667, 130.0)
(30.0, 180.0) (80.0, 130.0) (63.33333333, 130.0)
(122.14285714, 87.85714286) (30.0, 180.0) (92.92682927, 85.6097561)
dreiecke4.txt:
5
(80.0, 80.0) (60.0, 110.0) (70.0, 85.0)
(163.96226415, 132.83018868) (161.69230769, 122.61538462) (180.0, 120.0)
(38.82352941, 141.76470588) (52.34042553, 129.14893617) (60.0, 110.0)
(126.47302905, 59.95850622) (130.0, 0.0) (117.59124088, 68.24817518)
(122.45762712, 128.22033898) (110.0, 130.0) (124.0, 102.0)
dreiecke5.txt:
1
(80.0, 140.0) (61.73913043, 103.47826087) (73.33333333, 93.33333333)
dreiecke6.txt:
20
(75.0, 65.0) (104.11764706, 74.70588235) (20.0, 120.0)
(104.11764706, 74.70588235) (128.27586207, 82.75862069) (118.92682927, 66.73170732)
(150.0, 90.0) (128.27586207, 82.75862069) (141.92307692, 106.15384615)
(80.0, -0.0) (128.27586207, 82.75862069) (49.56521739, 56.52173913)
(102.10526316, 37.89473684) (75.0, 65.0) (128.27586207, 82.75862069)
(91.76470588, 70.58823529) (111.81818182, 54.54545455) (128.27586207, 82.75862069)
(75.0, 65.0) (49.56521739, 56.52173913) (10.0, 130.0)
(60.0, 60.0) (60.0, 37.14285714) (49.56521739, 56.52173913)
(156.66666667, 76.66666667) (80.0, -0.0) (141.92307692, 106.15384615)
(55.65217391, 84.34782609) (10.0, 130.0) (39.28286853, 75.61752988)
(55.65217391, 84.34782609) (71.00478469, 92.53588517) (20.0, 120.0)
(102.10526316, 37.89473684) (80.0, -0.0) (110.0, 30.0)
(102.10526316, 37.89473684) (80.0, -0.0) (10.0, 130.0)
(80.0, -0.0) (137.0, 57.0) (118.92682927, 66.73170732)
(10.0, 130.0) (80.0, -0.0) (110.0, 30.0)
(80.0, -0.0) (124.44444444, 44.44444444) (111.81818182, 54.54545455)
(140.0, 180.0) (160.0, 170.0) (50.0, 170.0)
(98.46153846, 175.38461538) (120.0, 170.0) (50.0, 170.0)
(20.0, 120.0) (137.0, 57.0) (110.0, 30.0)
(102.10526316, 37.89473684) (118.92682927, 66.73170732) (20.0, 120.0)


