11 21 13 8 16 4 18 7 6 20 10 2 19 3 1 5 9 17 15 14 12
10 21 11 13 16 4 15 19 3 2 1 20 17 18 6 8 7 5 14 12 9
9 21 11 13 16 4 18 7 17 2 20 1 8 3 19 5 6 15 14 12 10
8 21 11 12 9 6 15 5 2 17 1 3 19 4 20 18 16 14 13 10 7
7 21 11 9 14 15 17 2 1 5 6 20 4 19 3 18 16 10 13 12 8
6 21 11 12 13 15 17 18 4 20 19 1 3 2 16 8 14 7 9 10 5
5 21 11 10 13 8 15 17 20 2 4 1 3 19 18 16 14 7 9 12 6
4 21 11 13 8 9 15 5 17 20 19 1 2 18 16 14 6 7 12 10 3
3 21 11 9 14 6 15 5 17 18 2 19 1 20 16 8 7 10 13 12 4
2 21 11 12 13 6 15 5 3 17 20 19 4 18 16 7 14 9 8 10 1
1 21 11 10 8 5 16 4 17 18 20 15 19 3 7 6 13 14 9 12 2
