12 10 14 16 8 7 19 4 6 2 3 22 5 1 21 20 18 17 15 9 13 11
11 13 9 15 17 18 20 21 1 5 22 3 2 6 4 19 7 8 16 14 10 12
10 13 11 15 8 17 4 19 3 21 1 22 2 5 20 18 6 7 16 14 12 9
9 12 14 16 7 6 18 20 5 2 22 1 21 3 19 4 17 8 15 11 13 10
8 12 10 13 16 17 5 4 20 3 2 1 22 21 19 18 6 15 9 14 11 7
7 11 14 9 15 6 18 19 21 22 1 2 3 20 4 5 17 16 13 10 12 8
6 13 10 15 9 17 19 4 20 21 1 2 22 3 18 7 16 8 11 14 12 5
5 12 14 11 8 16 7 18 3 22 2 1 21 20 4 19 17 9 15 10 13 6
4 12 10 13 15 17 6 18 22 21 1 2 20 5 19 7 16 8 9 14 11 3
3 11 14 9 8 16 7 19 5 20 2 1 21 22 18 6 17 15 13 10 12 4
2 13 10 15 7 16 6 19 18 21 22 20 5 4 3 17 9 8 11 14 12 1
1 12 14 11 8 9 17 3 4 5 20 22 21 18 19 6 16 7 15 10 13 2
