13 15 10 9 12 8 19 20 2 6 22 4 1 24 23 3 21 5 11 7 18 17 16 14
12 13 15 10 18 9 4 6 20 2 22 1 3 24 5 23 21 19 7 8 17 16 14 11
11 13 15 17 8 19 5 6 22 21 1 23 24 4 3 2 20 7 18 9 16 10 14 12
10 13 14 17 15 6 7 20 22 4 5 23 24 1 2 3 21 19 18 8 16 11 12 9
9 13 12 15 17 8 19 4 21 5 24 3 2 1 23 22 6 20 7 18 16 11 14 10
8 13 14 9 11 17 19 20 4 2 22 23 1 3 24 21 5 6 18 16 10 15 12 7
7 13 11 10 12 17 19 21 3 6 23 1 24 2 5 22 4 20 18 16 9 15 14 8
6 13 14 9 16 18 19 8 22 24 2 4 23 1 3 21 20 7 17 10 15 11 12 5
5 13 12 16 17 10 7 19 21 2 23 1 24 3 4 22 20 18 8 15 9 11 14 6
4 13 15 16 9 8 19 20 23 2 1 24 21 22 5 7 6 18 17 11 10 14 12 3
3 13 11 16 8 10 18 6 7 20 22 23 1 2 24 21 5 19 17 9 12 15 14 4
2 13 14 16 17 9 19 6 4 21 23 24 3 22 20 5 18 7 8 11 15 10 12 1
1 13 12 10 16 8 18 20 3 4 21 22 24 23 6 5 19 7 9 17 15 11 14 2
