14 16 17 10 19 7 21 22 4 6 24 26 2 1 25 23 3 8 5 20 9 18 11 12 15 13
13 15 12 11 18 9 20 5 8 3 23 25 1 2 26 24 6 4 22 21 7 19 10 17 16 14
12 14 16 17 9 20 7 22 5 23 2 3 26 1 25 24 4 6 21 8 19 18 10 15 13 11
11 13 15 10 18 19 8 21 6 4 24 25 1 26 3 2 23 5 22 7 20 9 17 16 14 12
10 15 16 17 19 20 5 6 23 2 25 1 24 4 3 26 7 22 21 11 8 18 12 13 14 9
9 14 13 12 18 8 11 21 22 7 26 3 4 24 1 25 2 23 6 5 20 19 17 16 15 10
8 14 12 16 10 11 19 6 22 5 23 25 2 26 1 3 24 4 21 20 18 9 17 15 13 7
7 13 15 17 9 18 20 21 4 24 3 1 26 2 25 23 5 22 6 19 11 10 16 12 14 8
6 15 16 17 10 11 7 9 21 22 4 2 3 1 26 25 24 23 8 20 19 18 12 13 14 5
5 14 13 12 18 19 20 8 23 24 25 26 1 3 2 4 22 21 9 7 11 10 17 16 15 6
4 14 11 16 18 9 8 7 20 22 25 1 24 5 26 2 23 6 21 19 17 10 12 15 13 3
3 13 15 12 10 17 19 21 6 23 2 26 5 24 1 25 22 20 7 8 9 18 16 11 14 4
2 15 16 13 10 9 19 8 21 6 23 24 3 25 4 26 22 5 7 20 18 17 11 12 14 1
1 14 12 11 17 18 20 7 5 22 26 4 25 3 24 23 6 21 8 19 9 10 13 16 15 2
