15 17 12 13 14 21 9 7 8 5 23 25 3 28 2 1 27 26 4 24 6 10 22 20 11 19 18 16
14 15 17 19 11 21 7 23 5 8 25 27 1 2 28 3 26 24 4 6 10 9 22 20 12 18 16 13
13 15 17 11 19 21 22 24 6 4 3 27 1 28 9 26 2 25 5 23 7 8 10 20 12 18 16 14
12 15 16 18 20 7 6 8 22 23 4 5 3 26 28 1 27 2 25 24 10 21 9 19 13 17 14 11
11 15 14 13 19 10 21 8 23 5 25 4 28 1 27 3 2 26 24 6 22 7 20 9 18 17 16 12
10 15 16 17 12 19 21 23 25 28 26 27 1 2 7 5 8 4 3 24 6 22 20 11 18 13 14 9
9 15 14 17 19 11 21 7 23 25 28 26 2 27 1 5 3 24 4 6 22 8 12 20 18 13 16 10
8 15 16 13 10 11 20 21 23 25 5 4 6 1 27 28 3 2 26 24 22 9 18 19 12 17 14 7
7 15 13 12 19 20 9 22 5 23 25 3 2 4 28 1 27 26 6 24 21 18 10 14 11 17 16 8
6 15 16 17 10 20 21 23 7 25 27 1 28 2 4 3 26 24 22 9 19 8 12 18 11 13 14 5
5 15 14 17 12 20 8 21 7 24 23 28 4 1 2 27 3 26 25 22 9 18 19 10 11 13 16 6
4 15 17 12 19 10 13 8 22 6 5 7 25 27 1 28 2 26 24 23 21 20 9 18 11 16 14 3
3 15 13 18 11 20 7 22 6 10 24 25 2 5 28 1 27 26 9 23 8 21 12 19 14 17 16 4
2 15 16 17 19 10 21 23 6 25 3 27 20 28 26 7 5 4 24 22 8 11 9 18 13 12 14 1
1 15 14 12 17 9 10 21 8 23 11 5 4 3 27 26 28 25 24 6 22 7 20 19 18 13 16 2
